mass charge yield
0.1 0.001 0.0
0.1 0.003 0.935947265625
0.1 0.0032 1.7074368
0.1 0.0035 4.389273
0.1 0.0037 5.8169960815625
0.1 0.004 11.076659999999999
0.1 0.005 47.49199375
0.1 0.006 143.113788
0.1 0.007 251.06058950000002
0.1 0.008 412.917824
0.1 0.009 592.2575414999999
0.1 0.01 706.1503
0.1 0.02 2346.192
0.1 0.03 2972.722725
0.1 0.04 2998.9176
0.1 0.05 2721.3256250000004
0.1 0.07 3672.1010375000005
0.1 0.08 4208.7672
0.1 0.09 3567.3118875
0.1 0.1 5755.176875000001
0.3 0.001 0.0
0.3 0.003 0.4921401796875
0.3 0.0032 1.2715884
0.3 0.0035 2.0923972343750004
0.3 0.0037 3.3294922790625003
0.3 0.004 4.8779175
0.3 0.005 19.123246875
0.3 0.006 49.933368
0.3 0.007 90.16305025000001
0.3 0.008 137.982304
0.3 0.009 179.13978224999997
0.3 0.01 244.697675
0.3 0.02 692.4824
0.3 0.03 845.6200875
0.3 0.04 931.8009000000001
0.3 0.05 762.4724218750001
0.3 0.06 1000.4531625
0.3 0.07 1046.4429281250002
0.3 0.09 1437.1957828124998
0.35 0.001 0.0
0.35 0.003 0.4982140546875
0.35 0.0032 1.20801304
0.35 0.0035 1.9048838046875003
0.35 0.0037 2.8971578009375003
0.35 0.004 4.8494825
0.35 0.005 17.819029687500002
0.35 0.006 39.818592
0.35 0.007 73.01464275000001
0.35 0.008 104.615072
0.35 0.009 141.80386499999997
0.35 0.01 177.82965000000002
0.35 0.02 553.5014
0.35 0.03 623.6638312499999
0.35 0.04 595.26445
0.35 0.05 602.7228906250001
0.35 0.06 739.0580625
0.35 0.07 754.6196000000001
0.35 0.08 1024.0648
0.35 0.09 1066.2677999999999
0.35 0.1 1290.6803125000004
0.4 0.001 0.0
0.4 0.003 0.3356033203125
0.4 0.0032 0.50891284
0.4 0.0035 0.86253953515625
0.4 0.0037 1.0809867853125001
0.4 0.004 2.0237936249999997
0.4 0.0043 2.68269127640625
0.4 0.0045 4.1797974374999995
0.4 0.005 6.5717546875
0.4 0.006 17.59568175
0.4 0.007 29.702189125000004
0.4 0.008 47.11956
0.4 0.009 60.68599481249999
0.4 0.01 81.86206250000001
0.4 0.02 227.666975
0.4 0.03 284.119846875
0.4 0.04 271.636975
0.4 0.05 272.63812500000006
0.4 0.06 351.20109375
0.4 0.07 413.27583828125006
0.4 0.09 474.24538125
0.4 0.1 778.8435937500002
0.5 0.001 0.0
0.5 0.003 0.155548775390625
0.5 0.0032 0.28205528
0.5 0.0035 0.5361614931640626
0.5 0.0037 0.79856508
0.5 0.004 1.0247590625
0.5 0.0043 1.8397055970312501
0.5 0.0045 2.6278763554687496
0.5 0.005 4.54850625
0.5 0.006 10.082502
0.5 0.007 18.5208454375
0.5 0.008 29.117848
0.5 0.009 39.59248106249999
0.5 0.01 49.242706250000005
0.5 0.02 153.0122125
0.5 0.03 182.06949375
0.5 0.04 196.3288
0.5 0.05 172.75201171875003
0.5 0.06 222.93826875
0.5 0.07 243.01639960937504
0.5 0.08 318.198125
0.5 0.09 424.453257421875
0.5 0.1 439.96210937500007
0.7 0.001 0.0
0.7 0.003 0.09183377636718751
0.7 0.0032 0.15073907
0.7 0.0035 0.36408521679687506
0.7 0.0037 0.39452414199218755
0.7 0.004 0.8167471875
0.7 0.0043 1.2295588539843751
0.7 0.0045 1.7498752734374998
0.7 0.005 2.9689228515625
0.7 0.0053 3.7200451645312502
0.7 0.006 7.0731045
0.7 0.007 13.926297656250002
0.7 0.008 20.9739
0.7 0.009 29.054892374999998
0.7 0.01 37.536300000000004
0.7 0.02 112.78280000000001
0.7 0.03 130.364578125
0.7 0.04 125.454475
0.7 0.05 124.74853515625003
0.7 0.06 132.46059375
0.7 0.07 170.65555390625002
0.7 0.08 226.80550000000002
0.7 0.09 248.2041234375
0.7 0.1 310.1791015625001
0.9 0.001 0.0
0.9 0.003 0.114337546875
0.9 0.0032 0.1850664
0.9 0.0035 0.34510118603515627
0.9 0.0037 0.51710745015625
0.9 0.004 0.8159005625
0.9 0.0043 1.36486044015625
0.9 0.0045 1.5481384453124998
0.9 0.005 2.9905621093750003
0.9 0.0053 4.1730512778125
0.9 0.006 8.0598718125
0.9 0.007 13.099632437500002
0.9 0.008 20.678372
0.9 0.009 27.249285937499998
0.9 0.01 34.43570625
0.9 0.02 102.8063125
0.9 0.03 122.42030625
0.9 0.04 113.65801250000001
0.9 0.05 140.49202148437502
0.9 0.06 149.7064078125
0.9 0.07 209.84156210937502
0.9 0.08 247.80315000000002
0.9 0.09 317.305824609375
0.9 0.1 387.7001171875001
1.0 0.001 0.0
1.0 0.003 0.1428750087890625
1.0 0.0032 0.19279578
1.0 0.0035 0.38020009179687503
1.0 0.0037 0.5262695361328126
1.0 0.004 0.8684273124999999
1.0 0.0043 1.40978940671875
1.0 0.0045 1.8084700722656248
1.0 0.005 3.0756609375000004
1.0 0.0053 3.8991105753125
1.0 0.006 6.7355150625
1.0 0.007 12.068011703125002
1.0 0.008 18.031992
1.0 0.009 24.545467968749996
1.0 0.01 29.702465625000002
1.0 0.02 84.4664375
1.0 0.03 100.3321828125
1.0 0.04 93.2758625
1.0 0.05 31.135776367187507
1.0 0.06 46.406816015625
1.0 0.07 66.88084648437501
1.0 0.08 76.02006250000001
1.0 0.09 107.7961763671875
1.0 0.1 103.62405273437501
1.3 0.001 0.0
1.3 0.003 0.1478474296875
1.3 0.004 0.9567549999999999
1.3 0.0043 1.4440323089062501
1.3 0.0045 1.7281236093749999
1.3 0.005 2.7074498046875
1.3 0.0053 3.5913635578125
1.3 0.006 5.896821375
1.3 0.007 9.760782390625002
1.3 0.008 14.291163
1.3 0.009 17.966374593749997
1.3 0.01 22.26569375
1.3 0.02 58.7571
1.3 0.03 68.83204921875
1.3 0.04 62.16861875
1.3 0.05 67.89304687500001
1.3 0.06 86.181609375
1.3 0.07 121.46733457031252
1.3 0.08 126.9266125
1.3 0.09 186.5794974609375
1.3 0.1 212.40832031250005
1.5 0.001 0.0
1.5 0.003 0.12051116015625
1.5 0.004 0.607252875
1.5 0.0043 0.8971601515234375
1.5 0.0045 1.0179200390624998
1.5 0.005 1.6241360351562502
1.5 0.006 3.19454521875
1.5 0.0065 4.29091726171875
1.5 0.007 5.144463296875
1.5 0.008 6.8747045
1.5 0.009 9.044441015624999
1.5 0.01 11.486380468750001
1.5 0.02 27.467696875
1.5 0.03 30.622257421875
1.5 0.033 29.871036035156255
1.5 0.035 27.89927690429688
1.5 0.037 31.974663468749995
1.5 0.04 31.275381250000002
1.5 0.05 35.15888183593751
1.5 0.06 44.18809453125
1.5 0.08 75.89965000000001
1.7 0.001 0.0
1.7 0.003 0.004081921051025391
1.7 0.004 0.018404109374999998
1.7 0.005 0.06392611083984376
1.7 0.006 0.126635818359375
1.7 0.007 0.22344966601562502
1.7 0.008 0.31066734375
1.7 0.009 0.42587260839843744
1.7 0.01 0.70613349609375
1.7 0.02 1.877346484375
1.7 0.023 2.1327351784667967
1.7 0.025 2.1692527770996097
1.7 0.027 2.2885751865234374
1.7 0.03 2.1665177490234373
1.7 0.04 2.3045519531250003
1.7 0.05 2.4137829589843753
1.7 0.06 2.97838212890625
1.7 0.07 4.003631072998047
1.7 0.08 5.45925546875
1.7 0.09 6.4608327026367185
1.7 0.1 5.586208496093751
2.0 0.001 0.0
2.0 0.003 0.0009189262847900391
2.0 0.004 0.009202193359375
2.0 0.005 0.02626962585449219
2.0 0.006 0.0748712724609375
2.0 0.007 0.10460631494140626
2.0 0.008 0.173429921875
2.0 0.009 0.20882527734374998
2.0 0.01 0.29212695312500003
2.0 0.02 0.9056544921875
2.0 0.023 0.9418068806152343
2.0 0.025 1.0488349914550783
2.0 0.027 0.9914610014648436
2.0 0.03 1.010050927734375
2.0 0.033 0.9758216337890626
2.0 0.035 0.9914194763183595
2.0 0.037 1.0303178058471678
2.0 0.04 0.9573039062500001
2.0 0.05 1.0015320587158205
2.0 0.06 1.0514388427734376
2.0 0.07 1.4337730773925783
2.0 0.08 2.0151478515625003
2.0 0.09 2.2637102233886717
2.0 0.093 1.7450349938964844
2.0 0.095 2.2913488441467287
2.0 0.1 2.7203881835937507
2.0 0.2 6.388065795898439
2.3 0.001 0.0
2.3 0.003 0.001990564178466797
2.3 0.004 0.0070245244140624994
2.3 0.005 0.02991690368652344
2.3 0.006 0.0602941025390625
2.3 0.007 0.10817573046875001
2.3 0.008 0.16185759375
2.3 0.009 0.1881558017578125
2.3 0.01 0.2647235595703125
2.3 0.02 0.7600338378906251
2.3 0.023 0.8696096166992187
2.3 0.025 0.9059758758544924
2.3 0.027 0.9223587070312499
2.3 0.03 0.9209268676757812
2.3 0.04 0.7973860351562501
2.3 0.05 0.937482147216797
2.3 0.06 1.1527200439453125
2.3 0.07 1.3290137451171877
2.3 0.08 1.7760328125
2.3 0.09 2.028000173950195
2.3 0.093 2.4325238594970706
2.3 0.095 2.219679718399048
2.3 0.1 2.3470428466796878
2.5 0.003 0.0013402731170654297
2.5 0.004 0.006019050781249999
2.5 0.005 0.02472550048828125
2.5 0.006 0.059488896972656254
2.5 0.007 0.10467144091796876
2.5 0.008 0.16337412499999998
2.5 0.009 0.1919301328125
2.5 0.01 0.2577179931640625
2.5 0.02 0.71693349609375
2.5 0.023 0.8472953350830077
2.5 0.025 0.8606485748291017
2.5 0.027 0.854984050048828
2.5 0.03 0.8216265563964843
2.5 0.033 0.8661659007568361
2.5 0.035 0.8100504653930666
2.5 0.037 0.8613804150390624
2.5 0.04 0.782698291015625
2.5 0.05 0.9041796875000002
2.5 0.06 0.9957226684570312
2.5 0.07 1.286343460083008
2.5 0.08 1.8533662109375
2.5 0.09 1.9728319015502929
2.5 0.093 2.0792039743652344
2.5 0.095 2.3720645904541016
2.5 0.1 2.8661242675781256
2.5 0.2 11.779832763671877
2.7 0.001 0.0
2.7 0.003 0.0013065586853027345
2.7 0.004 0.00725019287109375
2.7 0.005 0.02774623718261719
2.7 0.006 0.05834633203125
2.7 0.007 0.10111665600585938
2.7 0.008 0.1355961875
2.7 0.009 0.18616180957031248
2.7 0.01 0.25052099609375
2.7 0.02 0.700947119140625
2.7 0.023 0.7772456484374999
2.7 0.027 0.8168604290771484
2.7 0.03 0.8168741455078125
2.7 0.04 0.7934890136718751
2.7 0.05 0.7267788696289064
2.7 0.06 0.9840175048828125
2.7 0.08 1.54741181640625
2.7 0.09 3.1840519592285155
2.7 0.093 2.0102427956085207
3.0 0.001 0.0
3.0 0.003 0.001154756332397461
3.0 0.004 0.00893316796875
3.0 0.005 0.024129396057128907
3.0 0.006 0.054772822265625
3.0 0.007 0.08498278393554688
3.0 0.008 0.12710004687499998
3.0 0.009 0.1679135734863281
3.0 0.01 0.21783271484375
3.0 0.02 0.6183130859375
3.0 0.023 0.6539401524658203
3.0 0.025 0.7357611083984377
3.0 0.027 0.7054028964843749
3.0 0.03 0.6715240905761719
3.0 0.04 0.653938427734375
3.0 0.05 0.7221749877929688
3.0 0.06 0.8227702880859374
3.0 0.07 1.0376953018188477
3.0 0.08 1.41741328125
3.0 0.09 1.8516399032592772
3.0 0.093 2.1855857769470215
3.0 0.095 1.6979864921569825
3.0 0.1 1.7133071899414065
3.5 0.001 0.0
3.5 0.003 0.0012930768127441406
3.5 0.004 0.0080270341796875
3.5 0.005 0.020860012817382815
3.5 0.006 0.048002009765625
3.5 0.007 0.07905823413085938
3.5 0.008 0.110150484375
3.5 0.009 0.13934527294921872
3.5 0.01 0.16828093261718752
3.5 0.02 0.5075783203125
3.5 0.023 0.5721075590820311
3.5 0.025 0.6088706970214844
3.5 0.027 0.5773873106689452
3.5 0.03 0.5111272155761719
3.5 0.033 0.5209838745117188
3.5 0.035 0.5887763542175294
3.5 0.037 0.5962768739013671
3.5 0.04 0.5705599121093751
3.5 0.05 0.6485058593750002
3.5 0.06 0.7992942626953125
3.5 0.07 1.0385782379150392
3.5 0.08 1.4509474609375002
3.5 0.093 1.6520244587402344
3.5 0.095 2.14685823059082
3.7 0.001 0.0
3.7 0.003 0.0014213312072753907
3.7 0.004 0.006555404296874999
3.7 0.005 0.021894348144531253
3.7 0.006 0.0425247275390625
3.7 0.007 0.07388841711425782
3.7 0.008 0.107338390625
3.7 0.009 0.13020084558105466
3.7 0.01 0.17393841552734376
3.7 0.02 0.47106123046875004
3.7 0.023 0.5209305544433593
3.7 0.025 0.5166344070434571
3.7 0.027 0.5285376364746094
3.7 0.03 0.5420893249511719
3.7 0.033 0.5416127940673828
3.7 0.035 0.5307175674438477
3.7 0.037 0.5464916982421875
3.7 0.04 0.55439638671875
3.7 0.05 0.6338565826416017
3.7 0.06 0.8343771240234374
3.7 0.07 0.9758705596923829
3.7 0.08 1.2737796875
3.7 0.09 1.081853530883789
3.7 0.095 1.241576890182495
3.7 0.1 1.433415222167969
4.0 0.001 0.0
4.0 0.003 0.0009427782897949219
4.0 0.004 0.0068713193359375
4.0 0.005 0.01935880584716797
4.0 0.006 0.0368757333984375
4.0 0.007 0.055122224609375006
4.0 0.008 0.0947263671875
4.0 0.009 0.10904217626953124
4.0 0.01 0.1416519287109375
4.0 0.02 0.352508251953125
4.0 0.023 0.39204685937499995
4.0 0.025 0.4208737182617188
4.0 0.027 0.42240762377929686
4.0 0.03 0.41568409423828123
4.0 0.033 0.39486399554443363
4.0 0.035 0.41393945541381844
4.0 0.037 0.41548464831542964
4.0 0.04 0.43463388671875003
4.0 0.05 0.5131614685058594
4.0 0.06 0.6938815979003906
4.0 0.07 0.863006219482422
4.0 0.08 0.9567121093750001
4.0 0.09 1.013289779663086
4.0 0.093 1.4187498324279786
4.0 0.095 1.3591741439819336
4.0 0.1 1.363688201904297
4.5 0.001 0.0
4.5 0.003 0.0008170705261230469
4.5 0.004 0.0052891279296875
4.5 0.005 0.014517990112304688
4.5 0.006 0.02880312890625
4.5 0.007 0.04236548852539063
4.5 0.008 0.06799653124999999
4.5 0.009 0.07279620391845702
4.5 0.01 0.10114847412109375
4.5 0.02 0.25264365234375
4.5 0.03 0.28434429931640626
4.5 0.033 0.2967132178344727
4.5 0.035 0.28232337760925297
4.5 0.037 0.2833400934143066
4.5 0.04 0.316649072265625
4.5 0.05 0.35169868469238286
4.5 0.06 0.41552026062011715
4.5 0.07 0.5586039253234865
4.5 0.1 1.1110205078125002
4.7 0.001 3.6149200797080994e-07
4.7 0.003 0.000684709716796875
4.7 0.004 0.00346025439453125
4.7 0.005 0.0101163818359375
4.7 0.006 0.01933767333984375
4.7 0.007 0.030465453918457036
4.7 0.008 0.04249620703125
4.7 0.009 0.049356285095214836
4.7 0.01 0.06987930908203126
4.7 0.02 0.18466878662109376
4.7 0.03 0.20366661071777342
4.7 0.04 0.221741259765625
4.7 0.05 0.21999214172363285
4.7 0.06 0.24587745666503905
4.7 0.07 0.33098125762939457
4.7 0.08 0.520291943359375
4.7 0.09 0.5824139900207519
4.7 0.093 0.6292238561553956
4.7 0.095 0.6492112184524537
4.7 0.1 0.6850268554687501
4.7 0.2 2.991688537597657
5.0 0.001 0.0
5.0 0.003 0.0002471465148925781
5.0 0.004 0.0011498365478515625
5.0 0.005 0.004644770431518555
5.0 0.006 0.010779076538085937
5.0 0.007 0.018977113220214847
5.0 0.008 0.02440718359375
5.0 0.009 0.03347140100097656
5.0 0.01 0.04040809326171875
5.0 0.02 0.11455886230468751
5.0 0.03 0.1523168701171875
5.0 0.04 0.13604296875
5.0 0.05 0.12569265365600588
5.0 0.06 0.16687994842529297
5.0 0.07 0.23129422836303715
5.0 0.08 0.201846142578125
5.0 0.09 0.19552302589416504
5.0 0.093 0.19939898589134217
5.0 0.095 0.434854213809967
5.5 0.01 0.030967425537109378
5.5 0.02 0.09224885253906251
5.5 0.03 0.05767880630493164
5.5 0.04 0.12867421875
5.5 0.05 0.1192517948150635
5.5 0.06 0.1358363067626953
5.5 0.07 0.16393489227294925
5.5 0.08 0.22760263671875
5.5 0.09 0.27677315368652344
5.5 0.093 0.3140034653320313
5.5 0.095 0.31481838121414185
5.5 0.1 0.14247440338134768
5.5 0.13 0.5896030178070069
5.5 0.15 0.6568603706359863
5.5 0.17 0.8025660221099855
5.5 0.2 0.5699760055541994
5.5 0.3 1.9224692344665526
6.0 0.01 0.0304940673828125
6.0 0.02 0.09172286376953126
6.0 0.03 0.10458796234130859
6.0 0.04 0.10798079833984375
6.0 0.05 0.11249691963195803
6.0 0.06 0.14851018981933595
6.0 0.07 0.1776281402587891
6.0 0.08 0.23603071289062502
6.0 0.09 0.2885807304382324
6.0 0.093 0.30278514379119875
6.0 0.095 0.33847688522338865
6.0 0.1 0.2999918365478516
6.0 0.13 0.5070112174987793
6.0 0.15 0.7448062705993652
6.0 0.17 0.7947770650863649
6.0 0.2 0.9250137329101564
6.0 0.3 0.562815899848938
6.5 0.01 0.028257156372070314
6.5 0.02 0.08467257080078125
6.5 0.03 0.09701444091796875
6.5 0.04 0.09828706665039064
6.5 0.05 0.10891443252563479
6.5 0.06 0.10455994033813476
6.5 0.07 0.1477735130310059
6.5 0.08 0.20018544921875
6.5 0.09 0.23075416660308837
6.5 0.093 0.23669110074806216
6.5 0.095 0.2923463914871216
6.5 0.1 0.26812141418457036
6.5 0.13 0.3491355916976929
6.5 0.15 0.5776078748703003
6.5 0.17 0.6779121168136598
6.5 0.2 1.1615782165527346
6.5 0.3 1.0045745658874512
7.0 0.01 0.027697418212890627
7.0 0.02 0.08304381713867189
7.0 0.03 0.10528087005615235
7.0 0.04 0.10127458496093751
7.0 0.05 0.09874282836914064
7.0 0.06 0.12031923065185547
7.0 0.07 0.14887123908996583
7.0 0.08 0.19119433593750002
7.0 0.09 0.23363638343811033
7.0 0.093 0.2627855313835144
7.0 0.095 0.27880204038619993
7.0 0.1 0.25319927215576177
7.0 0.13 0.30813150768280034
7.0 0.15 0.5469870471954346
7.0 0.17 0.48299807415008555
7.0 0.2 0.7496295166015626
7.0 0.3 3.1906827163696287
8.0 0.01 0.024340759277343752
8.0 0.02 0.07405556640625001
8.0 0.03 0.0928405288696289
8.0 0.04 0.09184708251953125
8.0 0.05 0.10143276214599611
8.0 0.06 0.12274494323730469
8.0 0.07 0.15647877769470217
8.0 0.08 0.18782860107421875
8.0 0.09 0.24122145080566404
8.0 0.093 0.23888817519378663
8.0 0.095 0.25315148410797117
8.0 0.1 0.2028845596313477
8.0 0.13 0.42280770759582526
8.0 0.15 0.4952971458435058
8.0 0.17 0.4613357798576356
8.0 0.2 0.794028015136719
8.0 0.3 1.9420803451538085
9.0 0.001 0.0
9.0 0.003 0.00010294811725616455
9.0 0.004 0.0003664822387695312
9.0 0.005 0.0014315244674682618
9.0 0.006 0.003846636749267578
9.0 0.007 0.008226843246459961
9.0 0.008 0.011966201171875
9.0 0.009 0.015143816162109374
9.0 0.01 0.02141419372558594
9.0 0.02 0.06946145019531251
9.0 0.03 0.08004636611938476
9.0 0.04 0.0744970947265625
9.0 0.05 0.08206434249877931
9.0 0.06 0.10026889343261719
9.0 0.07 0.11782363128662111
9.0 0.08 0.136784375
9.0 0.09 0.1824049123764038
9.0 0.093 0.17495803181648256
9.0 0.095 0.2032438648223877
9.0 0.1 0.20995624542236332
9.0 0.13 0.41281581726074223
9.0 0.15 0.36922555446624755
9.0 0.2 0.763685989379883
9.0 0.3 2.7489789390563963
10.0 0.01 0.02022344970703125
10.0 0.02 0.0654947509765625
10.0 0.03 0.08524804229736328
10.0 0.04 0.070515771484375
10.0 0.05 0.07634339332580568
10.0 0.06 0.08119525451660156
10.0 0.07 0.09012924041748048
10.0 0.08 0.12437617187500001
10.0 0.09 0.14897943477630615
10.0 0.093 0.15608384210014345
10.0 0.095 0.16912899713516236
10.0 0.1 0.19770097732543948
10.0 0.13 0.3631749038696289
10.0 0.15 0.36682671546936035
10.0 0.17 0.4111867931365968
10.0 0.2 0.5690647506713868
10.0 0.3 1.5616862869262695
12.0 0.01 0.019526498413085937
12.0 0.02 0.0612337158203125
12.0 0.03 0.07340527496337891
12.0 0.04 0.06645223388671875
12.0 0.05 0.06061758995056153
12.0 0.06 0.07855651702880859
12.0 0.07 0.09355501976013185
12.0 0.08 0.1202478271484375
12.0 0.09 0.13989511470794677
12.0 0.093 0.1651276236305237
12.0 0.095 0.15862756767272948
12.0 0.1 0.18801921844482425
12.0 0.13 0.26650614185333255
12.0 0.17 0.35046880750656134
12.0 0.2 0.7761627197265627
12.0 0.3 1.637691249847412
15.0 0.01 0.016091275024414063
15.0 0.02 0.052435729980468755
15.0 0.03 0.06310255737304687
15.0 0.04 0.04943765258789063
15.0 0.05 0.047695145606994636
15.0 0.06 0.06867919006347656
15.0 0.07 0.07768112373352051
15.0 0.08 0.09286257934570313
15.0 0.09 0.13493495235443115
15.0 0.093 0.14176129487228395
15.0 0.095 0.15035074920654298
15.0 0.1 0.16384910583496096
15.0 0.13 0.26336691837310794
15.0 0.15 0.3384489011764526
15.0 0.17 0.36480373954772954
15.0 0.2 0.48363883972167976
15.0 0.3 0.9673820686340332
17.0 0.01 0.0143608154296875
17.0 0.02 0.040915228271484375
17.0 0.03 0.05164863739013672
17.0 0.04 0.04530325927734375
17.0 0.05 0.04846301555633546
17.0 0.06 0.056015222167968746
17.0 0.07 0.06999314870834351
17.0 0.08 0.0946841064453125
17.0 0.09 0.1219008996963501
17.0 0.093 0.11471659073066712
17.0 0.095 0.13351850657463074
17.0 0.1 0.1887498474121094
17.0 0.13 0.27158286590576175
17.0 0.15 0.37881520271301267
17.0 0.17 0.37594700336456305
17.0 0.2 0.5305369567871094
17.0 0.3 0.4592132806777954
20.0 0.01 0.01455637664794922
20.0 0.02 0.04020114440917969
20.0 0.03 0.045112294006347656
20.0 0.04 0.048584985351562505
20.0 0.05 0.048796973228454596
20.0 0.06 0.0581175796508789
20.0 0.07 0.07556120605468751
20.0 0.08 0.0986991943359375
20.0 0.09 0.11710300369262695
20.0 0.093 0.12294759840202332
20.0 0.095 0.12829213218688965
20.0 0.1 0.15666187286376956
20.0 0.13 0.244410022354126
20.0 0.15 0.24947406291961668
20.0 0.17 0.4736926454544068
20.0 0.2 0.5206405639648438
20.0 0.3 0.6509492969512939
25.0 0.01 0.012164674377441407
25.0 0.02 0.03396217651367188
25.0 0.03 0.03286325225830078
25.0 0.04 0.033683901977539066
25.0 0.05 0.03751747131347657
25.0 0.06 0.04918588027954102
25.0 0.07 0.06255687103271486
25.0 0.08 0.07740503540039063
25.0 0.09 0.09977912807464599
25.0 0.093 0.11041702542972565
25.0 0.095 0.11319765064716339
25.0 0.1 0.11202062606811526
25.0 0.13 0.22720041294097904
25.0 0.15 0.27215598106384276
25.0 0.17 0.42086465616226204
25.0 0.2 0.34047065734863285
25.0 0.3 2.6213291358947752
27.0 0.01 0.01126139602661133
27.0 0.02 0.030000796508789063
27.0 0.03 0.03130159378051758
27.0 0.04 0.02677682800292969
27.0 0.05 0.030974521636962897
27.0 0.06 0.037558688735961916
27.0 0.07 0.05218693275451661
27.0 0.08 0.06955465087890625
27.0 0.09 0.08274621334075927
27.0 0.093 0.09023465895652771
27.0 0.095 0.08826988551616669
27.0 0.1 0.12610805511474613
27.0 0.13 0.2057839674949646
27.0 0.15 0.22016180992126463
27.0 0.17 0.35189622898101813
27.0 0.2 0.2957016754150391
27.0 0.3 0.9784683036804199
30.0 0.001 0.0
30.0 0.003 0.00013007718086242677
30.0 0.004 0.0005617373046874999
30.0 0.005 0.001600414276123047
30.0 0.006 0.0031222282104492187
30.0 0.007 0.004553254867553712
30.0 0.008 0.008061950195312499
30.0 0.009 0.008530914413452148
30.0 0.01 0.011150904083251954
30.0 0.02 0.028085205078125
30.0 0.03 0.033449905014038085
30.0 0.04 0.02973604736328125
30.0 0.05 0.04130010128021241
30.0 0.06 0.03717014350891113
30.0 0.07 0.060708894157409675
30.0 0.08 0.07929324951171875
30.0 0.09 0.10035551891326903
30.0 0.1 0.12389570236206057
30.0 0.13 0.1744855664253235
30.0 0.15 0.23230326890945432
30.0 0.17 0.2983670555114747
30.0 0.2 0.4955828094482423
30.0 0.3 1.1151189136505126
33.0 0.01 0.008122101593017579
33.0 0.02 0.018599923706054688
33.0 0.03 0.0156287504196167
33.0 0.04 0.018824893188476563
33.0 0.05 0.026043667793273932
33.0 0.06 0.034029457855224605
33.0 0.07 0.04537194499969483
33.0 0.08 0.061739129638671876
33.0 0.09 0.07188885955810546
33.0 0.093 0.08010042356586457
33.0 0.095 0.1567795090198517
33.0 0.1 0.09456285476684573
33.0 0.13 0.14345744905471802
33.0 0.15 0.23433528900146483
33.0 0.17 0.1616555439949036
33.0 0.2 0.2855416870117188
33.0 0.3 1.0424160289764404
35.0 0.01 0.006598580932617188
35.0 0.02 0.014103773498535158
35.0 0.03 0.011448163318634033
35.0 0.04 0.016581455993652343
35.0 0.05 0.020907874107360842
35.0 0.06 0.027490585899353027
35.0 0.07 0.03296228947639466
35.0 0.08 0.04072786560058594
35.0 0.09 0.055963525056838985
35.0 0.093 0.06289995593404771
35.0 0.095 0.03282627114057541
35.0 0.1 0.07454962730407716
35.0 0.13 0.09519660229682923
35.0 0.15 0.11045511603355407
35.0 0.17 0.1681367915630341
35.0 0.2 0.2762525177001954
35.0 0.3 0.1636838972568512
40.0 0.01 0.003556134033203125
40.0 0.02 0.00590245704650879
40.0 0.03 0.006829625558853149
40.0 0.04 0.00854692611694336
40.0 0.05 0.013001472949981692
40.0 0.06 0.01720609531402588
40.0 0.07 0.0220422101020813
40.0 0.08 0.026990048217773437
40.0 0.09 0.03074308876991272
40.0 0.093 0.037690455541133885
40.0 0.095 0.036790747618675235
40.0 0.1 0.04920423030853272
40.0 0.13 0.0641423107624054
40.0 0.2 0.33737358093261727
40.0 0.3 0.37955068588256835
